Adobe After Effects 6.0 Keyframe Data

	Units Per Second	23.976
	Source Width	704
	Source Height	396
	Source Pixel Aspect Ratio	1
	Comp Pixel Aspect Ratio	1

Anchor Point
	Frame	X pixels	Y pixels	Z pixels
	0	29.4021	316.37	0
	1	31.3208	315.58	0
	2	33.1981	314.779	0
	3	35.0517	313.985	0
	4	36.9711	313.185	0
	5	38.8349	312.405	0
	6	40.718	311.613	0
	7	42.639	310.812	0
	8	44.485	310.011	0
	9	46.3917	309.212	0
	10	48.2599	308.422	0
	11	50.1888	307.634	0
	12	52.0421	306.847	0
	13	53.9016	306.009	0
	14	55.8227	305.216	0
	15	57.6956	304.421	0
	16	59.5657	303.629	0
	17	61.4805	302.838	0
	18	63.3599	302.039	0
	19	65.2128	301.24	0
	20	67.1209	300.451	0
	21	69.0339	299.659	0
	22	70.8876	298.859	0
	23	72.7773	298.057	0
	24	74.6835	297.261	0
	25	76.5767	296.471	0
	26	78.4371	295.644	0
	27	80.3444	294.84	0
	28	82.2298	294.047	0
	29	84.0902	293.251	0
	30	85.9799	292.467	0
	31	87.882	291.668	0
	32	89.7471	290.88	0
	33	91.6368	290.086	0
	34	93.544	289.294	0
	35	95.4321	288.489	0
	36	97.3017	287.7	0
	37	99.2335	286.901	0
	38	101.082	286.105	0
	39	102.964	285.283	0
	40	104.825	284.481	0
	41	106.747	283.675	0
	42	108.627	282.886	0
	43	110.483	282.089	0
	44	112.414	281.299	0
	45	114.291	280.509	0
	46	116.169	279.707	0
	47	118.105	278.911	0
	48	119.949	278.122	0
	49	121.829	277.328	0
	50	123.709	276.535	0
	51	125.622	275.738	0
	52	127.501	274.901	0
	53	129.374	274.107	0
	54	131.276	273.325	0
	55	133.145	272.534	0
	56	135.016	271.741	0
	57	136.949	270.945	0
	58	138.814	270.145	0
	59	140.682	269.342	0
	60	142.565	268.553	0
	61	144.49	267.765	0
	62	146.347	266.968	0
	63	148.231	266.157	0
	64	150.143	265.379	0
	65	152.027	264.552	0
	66	153.885	263.759	0
	67	155.809	262.956	0
	68	157.669	262.168	0
	69	159.555	261.368	0
	70	161.424	260.578	0
	71	163.357	259.781	0
	72	165.206	258.993	0
	73	167.08	258.191	0
	74	168.999	257.394	0
	75	170.875	256.593	0
	76	172.752	255.806	0
	77	174.69	255.025	0
	78	176.533	254.176	0
	79	178.427	253.385	0
	80	180.275	252.591	0
	81	182.219	251.805	0
	82	184.081	250.997	0
	83	185.947	250.203	0
	84	187.873	249.413	0
	85	189.739	248.611	0
	86	191.631	247.808	0
	87	193.53	247.025	0
	88	195.403	246.227	0
	89	197.284	245.43	0
	90	199.157	244.602	0
	91	201.081	243.804	0
	92	202.932	243.012	0
	93	204.826	242.208	0
	94	206.725	241.417	0
	95	208.618	240.615	0
	96	210.477	239.825	0
	97	212.405	239.034	0
	98	214.268	238.236	0
	99	216.14	237.434	0
	100	218.017	236.647	0
	101	219.955	235.847	0
	102	221.81	235.055	0
	103	223.689	234.224	0
	104	225.591	233.433	0
	105	227.471	232.646	0
	106	229.339	231.855	0
	107	231.262	231.058	0
	108	233.127	230.258	0
	109	235.011	229.46	0
	110	236.88	228.674	0
	111	238.796	227.867	0
	112	240.668	227.071	0
	113	242.542	226.275	0
	114	244.453	225.485	0
	115	246.337	224.687	0
	116	248.192	223.867	0
	117	250.137	223.076	0
	118	251.979	222.27	0
	119	253.876	221.469	0
	120	255.733	220.679	0
	121	257.67	219.896	0
	122	259.53	219.1	0
	123	261.403	218.285	0
	124	263.335	217.499	0
	125	265.198	216.701	0
	126	267.065	215.915	0
	127	268.991	215.105	0
	128	270.849	214.32	0
	129	272.74	213.482	0
	130	274.595	212.695	0
	131	276.531	211.887	0
	132	278.384	211.104	0
	133	280.274	210.306	0
	134	282.181	209.503	0
	135	284.054	208.705	0
	136	285.931	207.918	0
	137	287.843	207.128	0
	138	289.708	206.33	0
	139	291.586	205.527	0
	140	293.465	204.744	0
	141	295.399	203.955	0
	142	297.252	203.115	0
	143	299.133	202.311	0
	144	301.049	201.526	0
	145	302.917	200.726	0
	146	304.798	199.937	0
	147	306.704	199.137	0
	148	308.583	198.347	0
	149	310.46	197.553	0
	150	312.332	196.756	0
	151	314.256	195.973	0
	152	316.121	195.167	0
	153	317.987	194.377	0
	154	319.912	193.584	0
	155	321.797	192.736	0
	156	323.654	191.955	0
	157	325.596	191.172	0
	158	327.445	190.37	0
	159	329.315	189.566	0
	160	331.202	188.778	0
	161	333.121	187.995	0
	162	334.989	187.187	0
	163	336.861	186.396	0
	164	338.776	185.603	0
	165	340.658	184.812	0
	166	342.522	184.016	0

Position
	Frame	X pixels	Y pixels	Z pixels
	0	29.4021	316.37	0
	1	31.3208	315.58	0
	2	33.1981	314.779	0
	3	35.0517	313.985	0
	4	36.9711	313.185	0
	5	38.8349	312.405	0
	6	40.718	311.613	0
	7	42.639	310.812	0
	8	44.485	310.011	0
	9	46.3917	309.212	0
	10	48.2599	308.422	0
	11	50.1888	307.634	0
	12	52.0421	306.847	0
	13	53.9016	306.009	0
	14	55.8227	305.216	0
	15	57.6956	304.421	0
	16	59.5657	303.629	0
	17	61.4805	302.838	0
	18	63.3599	302.039	0
	19	65.2128	301.24	0
	20	67.1209	300.451	0
	21	69.0339	299.659	0
	22	70.8876	298.859	0
	23	72.7773	298.057	0
	24	74.6835	297.261	0
	25	76.5767	296.471	0
	26	78.4371	295.644	0
	27	80.3444	294.84	0
	28	82.2298	294.047	0
	29	84.0902	293.251	0
	30	85.9799	292.467	0
	31	87.882	291.668	0
	32	89.7471	290.88	0
	33	91.6368	290.086	0
	34	93.544	289.294	0
	35	95.4321	288.489	0
	36	97.3017	287.7	0
	37	99.2335	286.901	0
	38	101.082	286.105	0
	39	102.964	285.283	0
	40	104.825	284.481	0
	41	106.747	283.675	0
	42	108.627	282.886	0
	43	110.483	282.089	0
	44	112.414	281.299	0
	45	114.291	280.509	0
	46	116.169	279.707	0
	47	118.105	278.911	0
	48	119.949	278.122	0
	49	121.829	277.328	0
	50	123.709	276.535	0
	51	125.622	275.738	0
	52	127.501	274.901	0
	53	129.374	274.107	0
	54	131.276	273.325	0
	55	133.145	272.534	0
	56	135.016	271.741	0
	57	136.949	270.945	0
	58	138.814	270.145	0
	59	140.682	269.342	0
	60	142.565	268.553	0
	61	144.49	267.765	0
	62	146.347	266.968	0
	63	148.231	266.157	0
	64	150.143	265.379	0
	65	152.027	264.552	0
	66	153.885	263.759	0
	67	155.809	262.956	0
	68	157.669	262.168	0
	69	159.555	261.368	0
	70	161.424	260.578	0
	71	163.357	259.781	0
	72	165.206	258.993	0
	73	167.08	258.191	0
	74	168.999	257.394	0
	75	170.875	256.593	0
	76	172.752	255.806	0
	77	174.69	255.025	0
	78	176.533	254.176	0
	79	178.427	253.385	0
	80	180.275	252.591	0
	81	182.219	251.805	0
	82	184.081	250.997	0
	83	185.947	250.203	0
	84	187.873	249.413	0
	85	189.739	248.611	0
	86	191.631	247.808	0
	87	193.53	247.025	0
	88	195.403	246.227	0
	89	197.284	245.43	0
	90	199.157	244.602	0
	91	201.081	243.804	0
	92	202.932	243.012	0
	93	204.826	242.208	0
	94	206.725	241.417	0
	95	208.618	240.615	0
	96	210.477	239.825	0
	97	212.405	239.034	0
	98	214.268	238.236	0
	99	216.14	237.434	0
	100	218.017	236.647	0
	101	219.955	235.847	0
	102	221.81	235.055	0
	103	223.689	234.224	0
	104	225.591	233.433	0
	105	227.471	232.646	0
	106	229.339	231.855	0
	107	231.262	231.058	0
	108	233.127	230.258	0
	109	235.011	229.46	0
	110	236.88	228.674	0
	111	238.796	227.867	0
	112	240.668	227.071	0
	113	242.542	226.275	0
	114	244.453	225.485	0
	115	246.337	224.687	0
	116	248.192	223.867	0
	117	250.137	223.076	0
	118	251.979	222.27	0
	119	253.876	221.469	0
	120	255.733	220.679	0
	121	257.67	219.896	0
	122	259.53	219.1	0
	123	261.403	218.285	0
	124	263.335	217.499	0
	125	265.198	216.701	0
	126	267.065	215.915	0
	127	268.991	215.105	0
	128	270.849	214.32	0
	129	272.74	213.482	0
	130	274.595	212.695	0
	131	276.531	211.887	0
	132	278.384	211.104	0
	133	280.274	210.306	0
	134	282.181	209.503	0
	135	284.054	208.705	0
	136	285.931	207.918	0
	137	287.843	207.128	0
	138	289.708	206.33	0
	139	291.586	205.527	0
	140	293.465	204.744	0
	141	295.399	203.955	0
	142	297.252	203.115	0
	143	299.133	202.311	0
	144	301.049	201.526	0
	145	302.917	200.726	0
	146	304.798	199.937	0
	147	306.704	199.137	0
	148	308.583	198.347	0
	149	310.46	197.553	0
	150	312.332	196.756	0
	151	314.256	195.973	0
	152	316.121	195.167	0
	153	317.987	194.377	0
	154	319.912	193.584	0
	155	321.797	192.736	0
	156	323.654	191.955	0
	157	325.596	191.172	0
	158	327.445	190.37	0
	159	329.315	189.566	0
	160	331.202	188.778	0
	161	333.121	187.995	0
	162	334.989	187.187	0
	163	336.861	186.396	0
	164	338.776	185.603	0
	165	340.658	184.812	0
	166	342.522	184.016	0

Scale
	Frame	X percent	Y percent	Z percent
	0	100	100	100
	1	99.996	99.996	100
	2	99.9983	99.9983	100
	3	100.018	100.018	100
	4	99.9952	99.9952	100
	5	100.013	100.013	100
	6	100.007	100.007	100
	7	100.001	100.001	100
	8	100.003	100.003	100
	9	100.001	100.001	100
	10	100.009	100.009	100
	11	100.011	100.011	100
	12	100.019	100.019	100
	13	100.014	100.014	100
	14	100.002	100.002	100
	15	100.009	100.009	100
	16	100.007	100.007	100
	17	100.004	100.004	100
	18	100.01	100.01	100
	19	100.008	100.008	100
	20	100.007	100.007	100
	21	99.9963	99.9963	100
	22	100.01	100.01	100
	23	100.02	100.02	100
	24	100.01	100.01	100
	25	100.012	100.012	100
	26	100.01	100.01	100
	27	100.017	100.017	100
	28	100.011	100.011	100
	29	100.006	100.006	100
	30	100.012	100.012	100
	31	100.006	100.006	100
	32	100.012	100.012	100
	33	100.013	100.013	100
	34	100.019	100.019	100
	35	100.015	100.015	100
	36	100.018	100.018	100
	37	100.015	100.015	100
	38	100.026	100.026	100
	39	100.019	100.019	100
	40	100.014	100.014	100
	41	100.01	100.01	100
	42	100.014	100.014	100
	43	100.021	100.021	100
	44	100.011	100.011	100
	45	100.021	100.021	100
	46	100.024	100.024	100
	47	100.018	100.018	100
	48	100.025	100.025	100
	49	100.022	100.022	100
	50	100.026	100.026	100
	51	100.031	100.031	100
	52	100.027	100.027	100
	53	100.028	100.028	100
	54	100.022	100.022	100
	55	100.025	100.025	100
	56	100.027	100.027	100
	57	100.019	100.019	100
	58	100.027	100.027	100
	59	100.025	100.025	100
	60	100.028	100.028	100
	61	100.024	100.024	100
	62	100.028	100.028	100
	63	100.045	100.045	100
	64	100.03	100.03	100
	65	100.035	100.035	100
	66	100.033	100.033	100
	67	100.038	100.038	100
	68	100.041	100.041	100
	69	100.033	100.033	100
	70	100.038	100.038	100
	71	100.047	100.047	100
	72	100.041	100.041	100
	73	100.039	100.039	100
	74	100.04	100.04	100
	75	100.041	100.041	100
	76	100.035	100.035	100
	77	100.036	100.036	100
	78	100.04	100.04	100
	79	100.049	100.049	100
	80	100.034	100.034	100
	81	100.032	100.032	100
	82	100.043	100.043	100
	83	100.049	100.049	100
	84	100.042	100.042	100
	85	100.038	100.038	100
	86	100.045	100.045	100
	87	100.047	100.047	100
	88	100.039	100.039	100
	89	100.043	100.043	100
	90	100.038	100.038	100
	91	100.042	100.042	100
	92	100.04	100.04	100
	93	100.045	100.045	100
	94	100.041	100.041	100
	95	100.046	100.046	100
	96	100.044	100.044	100
	97	100.041	100.041	100
	98	100.043	100.043	100
	99	100.045	100.045	100
	100	100.044	100.044	100
	101	100.039	100.039	100
	102	100.042	100.042	100
	103	100.043	100.043	100
	104	100.047	100.047	100
	105	100.041	100.041	100
	106	100.047	100.047	100
	107	100.04	100.04	100
	108	100.048	100.048	100
	109	100.046	100.046	100
	110	100.044	100.044	100
	111	100.04	100.04	100
	112	100.042	100.042	100
	113	100.042	100.042	100
	114	100.044	100.044	100
	115	100.046	100.046	100
	116	100.042	100.042	100
	117	100.035	100.035	100
	118	100.044	100.044	100
	119	100.047	100.047	100
	120	100.043	100.043	100
	121	100.05	100.05	100
	122	100.05	100.05	100
	123	100.059	100.059	100
	124	100.043	100.043	100
	125	100.053	100.053	100
	126	100.047	100.047	100
	127	100.04	100.04	100
	128	100.049	100.049	100
	129	100.042	100.042	100
	130	100.048	100.048	100
	131	100.051	100.051	100
	132	100.046	100.046	100
	133	100.049	100.049	100
	134	100.042	100.042	100
	135	100.049	100.049	100
	136	100.04	100.04	100
	137	100.041	100.041	100
	138	100.044	100.044	100
	139	100.048	100.048	100
	140	100.045	100.045	100
	141	100.041	100.041	100
	142	100.043	100.043	100
	143	100.045	100.045	100
	144	100.044	100.044	100
	145	100.041	100.041	100
	146	100.047	100.047	100
	147	100.041	100.041	100
	148	100.044	100.044	100
	149	100.04	100.04	100
	150	100.032	100.032	100
	151	100.038	100.038	100
	152	100.035	100.035	100
	153	100.039	100.039	100
	154	100.041	100.041	100
	155	100.037	100.037	100
	156	100.035	100.035	100
	157	100.042	100.042	100
	158	100.029	100.029	100
	159	100.031	100.031	100
	160	100.033	100.033	100
	161	100.023	100.023	100
	162	100.032	100.032	100
	163	100.032	100.032	100
	164	100.024	100.024	100
	165	100.029	100.029	100
	166	100.04	100.04	100

Rotation
	Frame	Degrees
	0	-0.333121
	1	-0.334953
	2	-0.333706
	3	-0.332982
	4	-0.33369
	5	-0.333765
	6	-0.334995
	7	-0.335468
	8	-0.334357
	9	-0.335707
	10	-0.335429
	11	-0.333597
	12	-0.333803
	13	-0.332667
	14	-0.334213
	15	-0.334232
	16	-0.333084
	17	-0.334661
	18	-0.33462
	19	-0.334067
	20	-0.335489
	21	-0.335218
	22	-0.334987
	23	-0.332659
	24	-0.333682
	25	-0.335488
	26	-0.334234
	27	-0.33377
	28	-0.333921
	29	-0.335015
	30	-0.334728
	31	-0.334772
	32	-0.33554
	33	-0.336297
	34	-0.33583
	35	-0.334644
	36	-0.336635
	37	-0.334447
	38	-0.334075
	39	-0.335746
	40	-0.335323
	41	-0.334078
	42	-0.336147
	43	-0.334601
	44	-0.336765
	45	-0.336843
	46	-0.336282
	47	-0.335227
	48	-0.336097
	49	-0.335972
	50	-0.337239
	51	-0.336527
	52	-0.336182
	53	-0.334977
	54	-0.33765
	55	-0.338201
	56	-0.338162
	57	-0.338405
	58	-0.338202
	59	-0.337544
	60	-0.338922
	61	-0.338726
	62	-0.338596
	63	-0.335058
	64	-0.338084
	65	-0.338559
	66	-0.338455
	67	-0.338205
	68	-0.338694
	69	-0.340148
	70	-0.339683
	71	-0.337501
	72	-0.339868
	73	-0.340545
	74	-0.340407
	75	-0.340387
	76	-0.34116
	77	-0.343394
	78	-0.337913
	79	-0.338739
	80	-0.339841
	81	-0.341506
	82	-0.338791
	83	-0.338573
	84	-0.339957
	85	-0.341422
	86	-0.339317
	87	-0.34006
	88	-0.341117
	89	-0.340065
	90	-0.339714
	91	-0.339611
	92	-0.341379
	93	-0.340253
	94	-0.341526
	95	-0.339967
	96	-0.341435
	97	-0.340492
	98	-0.341779
	99	-0.340757
	100	-0.340915
	101	-0.341152
	102	-0.342219
	103	-0.3413
	104	-0.339207
	105	-0.341238
	106	-0.341926
	107	-0.340997
	108	-0.338453
	109	-0.340992
	110	-0.341546
	111	-0.341496
	112	-0.342673
	113	-0.342217
	114	-0.342654
	115	-0.342173
	116	-0.344506
	117	-0.344739
	118	-0.342941
	119	-0.340451
	120	-0.343183
	121	-0.343487
	122	-0.342288
	123	-0.34015
	124	-0.343396
	125	-0.342633
	126	-0.34359
	127	-0.342588
	128	-0.341885
	129	-0.340496
	130	-0.341466
	131	-0.338381
	132	-0.341152
	133	-0.340158
	134	-0.34153
	135	-0.339746
	136	-0.343625
	137	-0.342503
	138	-0.341022
	139	-0.341266
	140	-0.342433
	141	-0.342428
	142	-0.342463
	143	-0.342448
	144	-0.341908
	145	-0.341853
	146	-0.341362
	147	-0.342609
	148	-0.342915
	149	-0.344884
	150	-0.34366
	151	-0.34617
	152	-0.343668
	153	-0.345026
	154	-0.3442
	155	-0.341061
	156	-0.344622
	157	-0.344163
	158	-0.34647
	159	-0.34539
	160	-0.346248
	161	-0.348904
	162	-0.345148
	163	-0.348473
	164	-0.349186
	165	-0.351083
	166	-0.350086

End of Keyframe Data
